0
159855.97
166277.44
169086.77
169086.84
169087.83
171134.9
183236.79
184864.83
185564.56
185564.58
185564.85
186101.55
186101.55
186101.59
186104.97
186209.36
190298.11
190940.23
191217.04
191217.05
191217.16
191444.48
191444.48
191444.5
191446.46
191451.87
191451.88
191451.89
191451.9
191492.71
193346.99
193663.51
193800.71
193800.71
193800.77
193917.15
193917.15
193917.16
193918.29
193921.12
193921.12
193921.13
193921.13
193921.61
193921.62
193921.62
193921.62
193942.46
194936.12
195114.87
195192.74
195192.75
195192.78
195260.07
195260.07
195260.08
195260.77
195262.42
195262.43
195262.43
195262.43
195262.72
195262.72
195262.73
195262.73
195262.79
195262.79
195262.8
195262.8
195274.91
195868.24
195978.9
196027.32
196027.32
196027.34
196069.67
196069.67
196069.68
196070.13
196071.18
196071.18
196071.18
196071.18
196071.37
196071.37
196071.37
196071.37
196071.41
196071.42
196071.42
196071.42
196071.43
196071.43
196071.43
196071.43
196079.09
196461.36
196534.56
196566.71
196566.71
196566.73
196595.06
196595.06
196595.06
196595.37
196596.08
196596.08
196596.08
196596.08
196596.21
196596.21
196596.21
196596.21
196596.24
196596.24
196596.24
196596.24
196596.25
196596.25
196596.25
196596.25
196596.25
196596.26
196596.26
196596.26
196601.4
196861.99
196912.9
196935.33
196935.33
196935.34
196955.23
196955.23
196955.23
196955.45
196955.95
196955.95
196955.95
196955.95
196956.04
196956.04
196956.04
196956.04
196956.06
196956.06
196956.06
196956.06
196956.07
196956.07
196956.07
196956.07
196956.07
196956.07
196956.07
196956.07
196959.69
197145.23
197182.07
197198.33
197198.33
197198.34
197212.83
197212.83
197212.83
197212.99
197213.35
197213.35
197213.35
197213.35
197213.42
197213.42
197213.42
197213.42
197213.44
197213.44
197213.44
197213.44
197213.44
197213.44
197213.44
197213.44
197213.44
197213.44
197213.44
197213.44
197216.09
197405.87
197550.24
197662.63
197751.82
197823.79
